%YAML:1.0
---
# Intrinsic matrix (K1)
K1: !!opencv-matrix
   rows: 3
   cols: 3
   dt: d
   data: [ 458.654, 0.0, 367.215,
           0.0, 457.296, 248.375,
           0.0, 0.0, 1.0 ]

# Distortion coefficients (D1)
D1: !!opencv-matrix
   rows: 1
   cols: 4
   dt: d
   data: [ -0.28340811, 0.07395907, 0.00019359, 1.76187114e-05 ]

# Disparity-to-depth mapping matrix (Q)
# Calculated using baseline ~0.11m and f ~458
Q: !!opencv-matrix
   rows: 4
   cols: 4
   dt: d
   data: [ 1.0, 0.0, 0.0, -367.215,
           0.0, 1.0, 0.0, -248.375,
           0.0, 0.0, 0.0, 458.0,
           0.0, 0.0, -9.09, 0.0 ]